00000 9
00001 111
00010 110
0001100 98
000110100 41
000110101 40
000110110 68
0001101110000 136
000110111000100 174
000110111000101 132
0001101110001100 64
0001101110001101 150
0001101110001110 63
0001101110001111 149
000110111001 88
00011011101 58
0001101111 226
000111 100
001000 109
00100100 55
00100101 54
001001100 113
0010011010 77
0010011011 95
00100111 118
00101 49
0011 101
01000 114
01001 115
0101000 121
0101001 59
010101000 73
010101001 107
0101010100000 197
01010101000010 176
01010101000011 184
0101010100010 148
01010101000110 172
01010101000111 166
01010101001 47
0101010101 128
01010101100000 188
01010101100001 189
01010101100010 190
01010101100011 185
01010101100100 156
01010101100101 186
01010101100110 43
01010101100111 160
01010101101 71
0101010111 85
0101011 38
010110 117
0101110 119
010111100 92
0101111010 82
0101111011 78
01011111 76
01100 48
011010 112
011011 102
011100 10
01110100 67
011101010 70
011101011 120
01110110 57
01110111 56
01111000000 61
01111000001 90
0111100001 87
01111000100 39
01111000101 86
011110001100 75
011110001101 91
011110001110 93
011110001111 146
01111001 65
0111101 46
0111110 51
011111100 66
0111111010 122
0111111011 34
01111111 72
100 32
1010 116
10110 108
10111 99
11000 104
110010 103
1100110 44
11001110 84
110011110000 74
110011110001 106
110011110010 89
110011110011 81
11001111010000 165
11001111010001 203
1100111101001 162
11001111010100 164
11001111010101 177
1100111101011 161
11001111011000 170
11001111011001 169
11001111011010 134
11001111011011 171
11001111011100 137
11001111011101 175
11001111011110 168
11001111011111 167
110011111 123
1101 105
1110 97
111100000 125
111100001 79
1111000100000 62
11110001000010 153
11110001000011 180
11110001000100 154
11110001000101 181
1111000100011 94
11110001001000 163
11110001001001 178
111100010010100 145
111100010010101 36
111100010010110 96
111100010010111 151
11110001001100 152
11110001001101 179
111100010011100 143
111100010011101 42
111100010011110 144
111100010011111 37
111100010100000 135
111100010100001 206
111100010100010 33
111100010100011 124
111100010100100 133
111100010100101 173
11110001010011 187
111100010101000 141
111100010101001 60
111100010101010 142
111100010101011 155
111100010101100 139
111100010101101 138
111100010101110 140
111100010101111 159
11110001011000 158
11110001011001 183
11110001011010 157
11110001011011 182
111100010111000 131
111100010111001 198
11110001011101 191
111100010111100 129
111100010111101 126
11110001011111 130
111100011 195
1111001 35
11110100 69
11110101 83
1111011 53
111110 50
1111110 52
11111110 45
1111111100 147
1111111101 194
111111111 80
